11000000000000000000000000000000000000000000000000000000000000000000000000000000
11000000000000000000000000000000000000000000000000000000000000000000000000000000
00110000000000000000000000000000000000000000000000000000000000000000000000000000
00110000000000000000000000000000000000000000000000000000000000000000000000000000
00000000000000000000000000000000000000000000000000000000000000000000000000000000
00000000000000000000000000000000000000111000000000000000000000000000000000000000
00000000000000000000000000000000000001110000000000000000000000000000000000000000
00000000000000000000000000000000000000000000000000000000000000000000000000000000
00000000000000000000000000000000000000000000000000000000000000000000000000000000
00000000000000000000000000000000000000000000000000000000000000000000000000000000
00000000000000000000000000000000000000000000000000000000000000000111000111000000
00000000000000000000000000000000000000000000000000000000000000000000000000000000
00000000000000000000000000000000000000000000000000000000000000010000101000010000
00001001000000000000000000000000000000000000000000000000000000010000101000010000
00010000000000000000000000000000000000000000000000000000000000010000101000010000
00010000000000000000000000000000000000000000000000000000000000000111000111000000
00010001000000000000000000000000000000000000000000000000000000000000000000000000
00011110000000000000000000000000000000000000000000000000000000000000000000000000
00000000000000000000000000000000000000000000000000000000000000000000000000000000
00000000000000000000000000000000000000000000000000000000000000000000000000000000
00000000000000000000000000000000000000000000000000000000000000000000000000000000
00000000000000000000000000000000000000000000000000000000000000000000000000000000
01100000000000000000000000000000000000000000000000000000000000000000000000000000
01100000000000000000000000000000000000000000000000000000000000000000000000000000
10000000000000000000000000000000000000000000000000000000000000000000000000000000